clc
clear

z = @(u) u^5.0 - 3*u^4.0 + u^3.0 + 1.0;

z(2)
z(8)

%{

ans =

    -7


ans =

       20993
%}